Profit per Shirt Size:
XS: 3719.5999999999995
S: 3100.199999999999
M: 3041.199999999999
L: 2885.7999999999993
XL: 2972.8
2XL: 3235.7999999999993
3XL: 3246.2000000000003
